0.000000000000000000e+00 0.000000000000000000e+00 0.000000000000000000e+00
0.000000000000000000e+00 4.090839528690397753e-04 4.090839528577789805e-04
2.500000000000000000e+00 4.309680043740665907e-04 4.051909465744522182e-04
5.000000000000000000e+00 4.297197307598211004e-04 3.635258629770882406e-04
7.500000000000000000e+00 3.632859354966844331e-04 3.965149727942161579e-04
1.000000000000000000e+01 3.846728558106622111e-04 4.027693765256407771e-04
1.250000000000000000e+01 3.778154046731198160e-04 3.644211372303034278e-04
1.500000000000000000e+01 3.848176505929379473e-04 3.946329659797553446e-04
1.750000000000000000e+01 3.718410686405864665e-04 3.835065020360832076e-04
2.000000000000000000e+01 4.410372819541949355e-04 3.683554007914182347e-04
2.250000000000000000e+01 3.759680083765476813e-04 3.449939936050835541e-04
2.500000000000000000e+01 3.422188092198199865e-04 4.012818352675088271e-04
2.750000000000000000e+01 3.922309322421194144e-04 3.431370257777207017e-04
3.000000000000000000e+01 3.677276174835779799e-04 3.920607565780444737e-04
3.250000000000000000e+01 3.740093060894711147e-04 3.683326246021177176e-04
3.500000000000000000e+01 3.948372885271757174e-04 4.324171304787910106e-04
3.750000000000000000e+01 3.998704130481795134e-04 4.085985805003649338e-04
4.000000000000000000e+01 4.116739231391514250e-04 4.029168409703212292e-04
4.250000000000000000e+01 3.708730127741282430e-04 4.189895014191659904e-04
4.500000000000000000e+01 4.213925781426349285e-04 3.805545276861304845e-04
4.750000000000000000e+01 4.143328734108607829e-04 3.628674170346211990e-04
5.000000000000000000e+01 3.933952473957684189e-04 4.091548956419362192e-04
5.250000000000000000e+01 4.125716037091617405e-04 3.950012137031745359e-04
5.500000000000000000e+01 3.899113346993823056e-04 4.056722284865021131e-04
