0.000000000000000000e+00 0.000000000000000000e+00 0.000000000000000000e+00
0.000000000000000000e+00 9.665867936080025924e-01 9.665867936079934886e-01
2.500000000000000000e+00 9.715167973464687856e-01 9.691812000005799455e-01
5.000000000000000000e+00 9.753464246772187707e-01 9.719714502420071511e-01
7.500000000000000000e+00 9.790711368406941340e-01 9.751093971902977664e-01
1.000000000000000000e+01 9.837999555334535629e-01 9.772336074811055484e-01
1.250000000000000000e+01 9.872266451289566369e-01 9.792512218257418688e-01
1.500000000000000000e+01 9.915794068784844484e-01 9.818092453307423195e-01
1.750000000000000000e+01 9.957980936400183669e-01 9.828044506671077540e-01
2.000000000000000000e+01 9.989787542548738131e-01 9.852444444027671500e-01
2.250000000000000000e+01 1.002051672485331002e+00 9.870952931963081767e-01
2.500000000000000000e+01 1.006299155062461814e+00 9.890878820782409431e-01
2.750000000000000000e+01 1.009399846678617818e+00 9.898862003252366648e-01
3.000000000000000000e+01 1.011130608496827898e+00 9.906045586734245623e-01
3.250000000000000000e+01 1.014733310214442685e+00 9.933387910157918110e-01
3.500000000000000000e+01 1.015546872277687918e+00 9.946858113522221156e-01
3.750000000000000000e+01 1.017575286586670069e+00 9.955708009855455121e-01
4.000000000000000000e+01 1.019385321415968937e+00 9.958672393487358887e-01
4.250000000000000000e+01 1.020200764107191516e+00 9.971815998443440687e-01
4.500000000000000000e+01 1.020618475116953805e+00 9.976723627005210648e-01
4.750000000000000000e+01 1.022128087566802179e+00 9.985443820115372793e-01
5.000000000000000000e+01 1.023402434021753349e+00 9.998283472569959862e-01
5.250000000000000000e+01 1.023610870505026860e+00 9.992325630060725494e-01
5.500000000000000000e+01 1.023433835751805132e+00 1.000697580648882257e+00
