0.000000000000000000e+00 0.000000000000000000e+00 0.000000000000000000e+00
0.000000000000000000e+00 4.090839528770334353e-04 4.090839528736657949e-04
2.500000000000000000e+00 3.826519520056695205e-04 4.041439882814438058e-04
5.000000000000000000e+00 3.714287499114980609e-04 4.008253408991243032e-04
7.500000000000000000e+00 3.624730231504991879e-04 3.896094158812540387e-04
1.000000000000000000e+01 3.810404758059820953e-04 3.836971236550165199e-04
1.250000000000000000e+01 3.664474814768760519e-04 3.457779867349423096e-04
1.500000000000000000e+01 4.020411630571626700e-04 3.828254361319025057e-04
1.750000000000000000e+01 3.730371887201588575e-04 3.870943619245207257e-04
2.000000000000000000e+01 3.956459297463405965e-04 3.782441896092353958e-04
2.250000000000000000e+01 4.104878684660943021e-04 3.747098050544381319e-04
2.500000000000000000e+01 4.138879306960818239e-04 3.934435585952605896e-04
2.750000000000000000e+01 4.006692092159759599e-04 3.775308615813137252e-04
3.000000000000000000e+01 4.112278124114869451e-04 4.060985811027486301e-04
3.250000000000000000e+01 3.748319648310932781e-04 4.066896801710685651e-04
3.500000000000000000e+01 4.021591464355359210e-04 3.868591483768732647e-04
3.750000000000000000e+01 4.245557426936916114e-04 3.871400676804378159e-04
4.000000000000000000e+01 3.841589803710204255e-04 4.052670610605014438e-04
4.250000000000000000e+01 4.119649763867156344e-04 3.983317966194812416e-04
4.500000000000000000e+01 3.524738699302630909e-04 3.730150737807983439e-04
4.750000000000000000e+01 4.086801574132285265e-04 4.481717847149410596e-04
5.000000000000000000e+01 3.950044849315178077e-04 3.775517908925885122e-04
5.250000000000000000e+01 4.363425811070378597e-04 3.874900796525649715e-04
5.500000000000000000e+01 4.362627215025869287e-04 4.020901636916292829e-04
