0.000000000000000000e+00 0.000000000000000000e+00 0.000000000000000000e+00
0.000000000000000000e+00 9.665867936079951539e-01 9.665867936079496348e-01
2.500000000000000000e+00 9.780982254015969657e-01 9.737221272646215953e-01
5.000000000000000000e+00 9.903336842799052020e-01 9.795682118591936272e-01
7.500000000000000000e+00 1.001421886523798266e+00 9.867998817521760335e-01
1.000000000000000000e+01 1.013319727095812306e+00 9.928314223915186698e-01
1.250000000000000000e+01 1.025359803494640953e+00 9.996878045102419730e-01
1.500000000000000000e+01 1.034890395091383475e+00 1.005736662737858778e+00
1.750000000000000000e+01 1.043513344531624920e+00 1.011506398503997595e+00
2.000000000000000000e+01 1.051403698161216482e+00 1.017435975103704537e+00
2.250000000000000000e+01 1.058156279075282313e+00 1.022924311448310641e+00
2.500000000000000000e+01 1.064345456179920824e+00 1.027778410069851711e+00
2.750000000000000000e+01 1.068786392325008272e+00 1.032566789536871532e+00
3.000000000000000000e+01 1.073899372197994362e+00 1.036464075891984526e+00
3.250000000000000000e+01 1.077651415057563344e+00 1.040422361854038913e+00
3.500000000000000000e+01 1.080342438744676281e+00 1.043958478858666217e+00
3.750000000000000000e+01 1.083321943089687656e+00 1.046797934267958086e+00
4.000000000000000000e+01 1.085326386297384538e+00 1.049570772363124238e+00
4.250000000000000000e+01 1.088064317327814834e+00 1.052301970526865693e+00
4.500000000000000000e+01 1.089329023958691023e+00 1.054773163986728157e+00
4.750000000000000000e+01 1.090916425291806657e+00 1.057673737840678863e+00
5.000000000000000000e+01 1.092435457830726486e+00 1.059034861531419125e+00
5.250000000000000000e+01 1.093649115352501644e+00 1.060512595526829305e+00
5.500000000000000000e+01 1.093361601563930252e+00 1.062214398593083642e+00
