0.000000000000000000e+00 4.500000000000000111e-01 5.000000000000000000e-01 5.500000000000000444e-01 5.999999999999999778e-01 6.499999999999999112e-01 6.999999999999999556e-01 7.500000000000000000e-01 7.999999999999999334e-01
2.399999999999999911e+00 3.385806837883312964e-04 3.735957530107629596e-04 3.779914935808905622e-04 3.551364475223652310e-04 3.720538626986367135e-04 3.396232828295168028e-04 3.447805188857777040e-04 3.681704948855831633e-04
2.500000000000000000e+00 3.862379820868484716e-04 3.637947932456056695e-04 3.302483641610670781e-04 3.417246713378074580e-04 3.506321328739124207e-04 3.575682305836190957e-04 3.658117101289030124e-04 3.773148896994932364e-04
2.600000000000000089e+00 4.288802561376464390e-04 3.820159363954884731e-04 3.812658836114406246e-04 3.674775040787347049e-04 3.936067259544081447e-04 3.637195840295487674e-04 3.195496802852611467e-04 3.365617061455773739e-04
2.700000000000000178e+00 3.891560430532258461e-04 3.961320319784428375e-04 3.636460453567236066e-04 4.098466243093620257e-04 3.881796299305970491e-04 3.210706992646985680e-04 3.856812172410729184e-04 3.372747888212396477e-04
2.800000000000000266e+00 3.951362544255953169e-04 3.692651667095998153e-04 3.971888554293218120e-04 3.445959552213162199e-04 3.600529083721927602e-04 3.830920779282330642e-04 3.554240211893757925e-04 3.520803646524347163e-04
2.900000000000000355e+00 3.855631151338546067e-04 3.960683693184986515e-04 4.235193556282041533e-04 3.611286800063140097e-04 4.016818891902297801e-04 3.491232550151216613e-04 3.591932062436411447e-04 3.052729961356141406e-04
3.000000000000000444e+00 3.939387057961445462e-04 3.819626805793466359e-04 4.016486150227839493e-04 3.685113482363852806e-04 3.822195874415588242e-04 3.619412235738576791e-04 3.709839162302487571e-04 3.324886834593696440e-04
3.100000000000000533e+00 4.310228884626253368e-04 4.012624541633131258e-04 3.788342203227925472e-04 3.781666288908324606e-04 3.927844699490352790e-04 3.551360365468725529e-04 3.364766986351290187e-04 3.881675654831705691e-04
3.200000000000000622e+00 3.825383865011773381e-04 4.064221747547147471e-04 3.817737821588491009e-04 3.848654601425443699e-04 3.598198535516090499e-04 3.450414922917995888e-04 3.768233303834608037e-04 3.594468151632878097e-04
3.300000000000000711e+00 3.957768937048533673e-04 4.219910584935717811e-04 3.797431896410536061e-04 3.833791698472145703e-04 3.928417205859036651e-04 3.601542701635587415e-04 3.552418020605230416e-04 3.343658395104724115e-04
3.400000000000000799e+00 4.150879367262000981e-04 3.956960636754735454e-04 3.951910768677325885e-04 4.115655269416368845e-04 3.529896095558176638e-04 3.540710471686107246e-04 3.794272190308600160e-04 3.743015070857148960e-04
3.500000000000000888e+00 4.373169009521800875e-04 3.751573689052736110e-04 4.234192871828738555e-04 3.985430673231041320e-04 3.778810734421370792e-04 3.919196671381349503e-04 3.586291364670192287e-04 3.652476598438049969e-04
3.600000000000000977e+00 4.268918121271642269e-04 4.602653978488586333e-04 4.431300970677750088e-04 4.228820665059297994e-04 4.294293772059333157e-04 3.824627017533848653e-04 4.045839957745114845e-04 3.532200130921224479e-04
3.700000000000001066e+00 4.386243961803871420e-04 4.197101011015746540e-04 4.258141383164462950e-04 3.970750035064588923e-04 4.297092183329536200e-04 3.568924622843704358e-04 3.873231824707122238e-04 3.871584139106603261e-04
3.800000000000001155e+00 4.038386696767326924e-04 4.156131025612593509e-04 4.340043597677517096e-04 4.244664456925662118e-04 4.128080071713672553e-04 3.884486657703263525e-04 3.870790234534631554e-04 3.894777736703686536e-04
3.900000000000001243e+00 3.898687172825773838e-04 4.440303256728647500e-04 3.818273915230244522e-04 3.906875142017830088e-04 4.278444535116986591e-04 3.931597418585043363e-04 3.870209984801715000e-04 3.789092081635084849e-04
4.000000000000001776e+00 4.307026525010078529e-04 4.099486033678990319e-04 3.867869655179183492e-04 3.813543767072148281e-04 4.619778755332970923e-04 4.033475721294862829e-04 4.027324759566929414e-04 3.917655173137790810e-04
4.100000000000001421e+00 3.976492958419667288e-04 3.888904879147230811e-04 3.986856655300719931e-04 4.115462391655199011e-04 3.633075422146119643e-04 3.699828859266804685e-04 3.848790105579071139e-04 3.821649464936350367e-04
4.200000000000001066e+00 4.834113168233288536e-04 4.179169988508980990e-04 4.224771071671527432e-04 3.863618123053984515e-04 4.315816802219494598e-04 3.711413254782040295e-04 4.041127298144918086e-04 3.909121537637185958e-04
4.300000000000001599e+00 4.594672556019128691e-04 4.818836727570910373e-04 4.117484643372065723e-04 4.310027413829865144e-04 3.660297709322223860e-04 4.507955727955862812e-04 4.585059238527334114e-04 3.992775455657813187e-04
4.400000000000002132e+00 4.492955492699099917e-04 4.398947272090396494e-04 4.305358866349343191e-04 4.265627901034431879e-04 4.051408812534363951e-04 4.312528514306367394e-04 3.877197657694578465e-04 3.685307633003681669e-04
4.500000000000001776e+00 4.546402107205265559e-04 4.633779599117510573e-04 4.456258696983096831e-04 4.040527444755349440e-04 3.990065146726154335e-04 3.971118807119199644e-04 4.269576175489624864e-04 3.774505998988486816e-04
4.600000000000001421e+00 4.710800661449812796e-04 3.813287995087646454e-04 3.932679834066602907e-04 3.989394378478675106e-04 3.983613741871068264e-04 4.287758768756232738e-04 4.410191585477455300e-04 4.085308441621884413e-04
4.700000000000001954e+00 4.425085105230498186e-04 4.507267525768025060e-04 4.205743879071808253e-04 4.333282300456941052e-04 4.453173036897801161e-04 4.088320086268571818e-04 3.827605976676263827e-04 3.990071734806091065e-04
