0.000000000000000000e+00 4.500000000000000111e-01 5.000000000000000000e-01 5.500000000000000444e-01 5.999999999999999778e-01 6.499999999999999112e-01 6.999999999999999556e-01 7.500000000000000000e-01 7.999999999999999334e-01
2.399999999999999911e+00 1.011446431953555658e+00 1.040652250140490231e+00 1.069419902663720556e+00 1.096416287680287205e+00 1.121744888637912441e+00 1.145930717083760930e+00 1.168309544806081846e+00 1.190300054013305964e+00
2.500000000000000000e+00 1.015668280494782749e+00 1.042338885863552278e+00 1.067856071094289483e+00 1.093146728778475074e+00 1.117380057141199812e+00 1.140180418549410213e+00 1.161698919784106332e+00 1.182623520820577312e+00
2.600000000000000089e+00 1.022401946281783047e+00 1.045951794258881851e+00 1.067458019846383666e+00 1.090679520899443755e+00 1.113250651532738500e+00 1.135492464970072612e+00 1.154963108969878860e+00 1.175828391096763070e+00
2.700000000000000178e+00 1.029910410653461339e+00 1.048986450474087118e+00 1.069112958458347640e+00 1.089944028238370777e+00 1.110136008122637685e+00 1.130875186567144253e+00 1.150924724141898059e+00 1.169890584214068108e+00
2.800000000000000266e+00 1.039320618285018094e+00 1.054912278074104481e+00 1.072453388684400544e+00 1.090068052936031595e+00 1.108983124010725518e+00 1.127575606749154247e+00 1.146017486597756596e+00 1.164409079157449067e+00
2.900000000000000355e+00 1.048487207289516832e+00 1.062052879112884929e+00 1.075700414596359344e+00 1.091730798486319376e+00 1.108510707926721350e+00 1.126077476210269657e+00 1.142246634905258240e+00 1.160303011022793873e+00
3.000000000000000444e+00 1.058811876639400573e+00 1.070936601975556179e+00 1.081708962299317234e+00 1.094419705023724321e+00 1.108842420134980911e+00 1.124246061066794589e+00 1.140221388169732064e+00 1.156132663629175994e+00
3.100000000000000533e+00 1.069458377705753582e+00 1.079233594642427629e+00 1.089185798499815894e+00 1.099018946190327917e+00 1.111516980618828088e+00 1.124487205459406169e+00 1.138254989465948608e+00 1.153547971897203261e+00
3.200000000000000622e+00 1.081334090128404757e+00 1.089167692819470235e+00 1.096445239941865823e+00 1.105000437097809707e+00 1.114593060960501480e+00 1.125909215558874577e+00 1.137866945684566478e+00 1.151130901985106370e+00
3.300000000000000711e+00 1.093347030753060389e+00 1.099025095540700603e+00 1.104415512801892429e+00 1.110758341468253363e+00 1.118584476102426617e+00 1.128165023331462846e+00 1.138779210771112105e+00 1.150632166105528542e+00
3.400000000000000799e+00 1.103920305194968199e+00 1.109321948092589105e+00 1.112995884864115048e+00 1.118335916618621972e+00 1.123602681715772489e+00 1.131215731055937423e+00 1.139912844112402679e+00 1.150740367441371648e+00
3.500000000000000888e+00 1.115615892994419323e+00 1.120507770740810649e+00 1.122934612166515134e+00 1.125766833999044980e+00 1.129254215932839589e+00 1.135287777245863383e+00 1.142419229021989002e+00 1.150837481638131710e+00
3.600000000000000977e+00 1.127333607345091471e+00 1.131390307581741306e+00 1.132892123777315740e+00 1.134188353771590663e+00 1.136176863951817495e+00 1.139462023981753003e+00 1.145040144802096815e+00 1.152283290351472589e+00
3.700000000000001066e+00 1.138813163324180477e+00 1.141630794367397117e+00 1.142562164693059712e+00 1.142774813199746609e+00 1.143075957281357358e+00 1.145403542290053478e+00 1.149834462317713912e+00 1.155116748642770919e+00
3.800000000000001155e+00 1.148829311903606820e+00 1.152275698014333383e+00 1.152851403779259432e+00 1.152456001263646446e+00 1.150554093043772319e+00 1.152115393705757773e+00 1.154590694349700186e+00 1.158374147041303592e+00
3.900000000000001243e+00 1.159779900437930777e+00 1.163426679782964213e+00 1.162677389931882077e+00 1.160660687771231991e+00 1.159338123797370779e+00 1.158844210537543384e+00 1.159183450356799927e+00 1.161638288737854685e+00
4.000000000000001776e+00 1.169451386688300509e+00 1.173028174848228078e+00 1.172432944264081067e+00 1.169471422058602217e+00 1.167185441701690030e+00 1.166650221905881857e+00 1.165633958452068075e+00 1.167096640158733711e+00
4.100000000000001421e+00 1.179744399802525656e+00 1.183396864458943876e+00 1.182494078528676607e+00 1.179869455720340854e+00 1.177104434707555436e+00 1.173631244962179743e+00 1.171912755970298869e+00 1.172009814640759373e+00
4.200000000000001066e+00 1.188650305819287878e+00 1.192391762325434756e+00 1.192008438376913393e+00 1.189573243236450750e+00 1.185161738413790689e+00 1.181908995774752613e+00 1.177671311024404144e+00 1.177833369153503673e+00
4.300000000000001599e+00 1.197579895148231266e+00 1.203196189662600002e+00 1.201993967641966199e+00 1.199348737992312008e+00 1.193819682566573226e+00 1.189512708287352893e+00 1.185849909350625175e+00 1.183476239388703055e+00
4.400000000000002132e+00 1.206542138931561592e+00 1.212133106693717766e+00 1.210410289117738403e+00 1.207695468358682689e+00 1.203642507779322024e+00 1.197655587986275805e+00 1.194063900519013677e+00 1.190295452688392208e+00
4.500000000000001776e+00 1.214591797337975176e+00 1.220178549357016973e+00 1.220989082790189251e+00 1.217429313934888402e+00 1.212731619002112016e+00 1.206194446415756349e+00 1.200467546846760269e+00 1.196938567719281643e+00
4.600000000000001421e+00 1.222507866751372907e+00 1.228142387235171551e+00 1.229353680817737660e+00 1.226329438869614430e+00 1.220869009588158693e+00 1.214791421751626022e+00 1.209457097467641296e+00 1.204333755782724502e+00
4.700000000000001954e+00 1.229539737048608528e+00 1.236820283210217974e+00 1.238034135191320217e+00 1.234473791380907404e+00 1.229177544157427970e+00 1.223343296401299574e+00 1.216632311245888109e+00 1.211070955134883276e+00
